%YAML:1.0
---
K1: !!opencv-matrix
   rows: 3
   cols: 3
   dt: d
   data: [ 3.4051899511413365e+02, 0., 1.4775472720969404e+02, 0.,
       3.4001469434738658e+02, 1.3170826714024747e+02, 0., 0., 1. ]
K2: !!opencv-matrix
   rows: 3
   cols: 3
   dt: d
   data: [ 3.3856001588221005e+02, 0., 1.5159529984945615e+02, 0.,
       3.3815109973006116e+02, 1.1877851341304533e+02, 0., 0., 1. ]
D1: !!opencv-matrix
   rows: 1
   cols: 5
   dt: d
   data: [ 8.6613500633362969e-02, -6.2750208302822230e-01,
       -1.3902716991318197e-03, -1.5242955919201580e-03,
       1.5622667159582628e+00 ]
D2: !!opencv-matrix
   rows: 1
   cols: 5
   dt: d
   data: [ 7.5049861354885325e-02, -5.8250329571251691e-01,
       2.2666743126835355e-03, -1.4088962975372724e-03,
       1.3619197033912052e+00 ]
R: !!opencv-matrix
   rows: 3
   cols: 3
   dt: d
   data: [ 9.9994504198857326e-01, 2.2745098742126481e-03,
       1.0234237016134790e-02, -2.2062622236374463e-03,
       9.9997528863091345e-01, -6.6749183157447031e-03,
       -1.0249166281745296e-02, 6.6519720649911730e-03,
       9.9992535014278727e-01 ]
T: !!opencv-matrix
   rows: 3
   cols: 1
   dt: d
   data: [ -3.9628145950329458e-02, -1.1400027945976999e-03,
       -2.9745599987164241e-03 ]
E: !!opencv-matrix
   rows: 3
   cols: 3
   dt: d
   data: [ 5.1214188463750566e-06, 2.9669032265227501e-03,
       -1.1597726385685751e-03, -3.3805519800962228e-03,
       2.5683965376046614e-04, 3.9594745362847079e-02,
       1.2273702237140911e-03, -3.9624573736975720e-02,
       2.7618169602182727e-04 ]
F: !!opencv-matrix
   rows: 3
   cols: 3
   dt: d
   data: [ 2.5542379886978670e-08, 1.4818972844130594e-05,
       -3.9251880338569281e-03, -1.6880431535042828e-05,
       1.2844040292958303e-06, 6.9649758511902568e-02,
       4.0736021188532831e-03, -6.9405246499899181e-02, 1. ]
R1: !!opencv-matrix
   rows: 3
   cols: 3
   dt: d
   data: [ 9.9589975973285649e-01, 3.1439196653986333e-02,
       8.4824792824919878e-02, -3.1255978904709589e-02,
       9.9950532836826300e-01, -3.4874555422975810e-03,
       -8.4892475206857720e-02, 8.2187420152112986e-04,
       9.9638977924106087e-01 ]
R2: !!opencv-matrix
   rows: 3
   cols: 3
   dt: d
   data: [ 9.9678465286032247e-01, 2.8675005166710760e-02,
       7.4820451086687861e-02, -2.9016567846166193e-02,
       9.9957286658958455e-01, 3.4818340439660882e-03,
       -7.4688651163046016e-02, -5.6416714340696197e-03,
       9.9719094306500544e-01 ]
P1: !!opencv-matrix
   rows: 3
   cols: 4
   dt: d
   data: [ 3.3908289703872390e+02, 0., 1.1718281650543213e+02, 0., 0.,
       3.3908289703872390e+02, 1.2541291046142578e+02, 0., 0., 0., 1.,
       0. ]
P2: !!opencv-matrix
   rows: 3
   cols: 4
   dt: d
   data: [ 3.3908289703872390e+02, 0., 1.1718281650543213e+02,
       -1.3480571249318803e+01, 0., 3.3908289703872390e+02,
       1.2541291046142578e+02, 0., 0., 0., 1., 0. ]
Q: !!opencv-matrix
   rows: 4
   cols: 4
   dt: d
   data: [ 1., 0., 0., -1.1718281650543213e+02, 0., 1., 0.,
       -1.2541291046142578e+02, 0., 0., 0., 3.3908289703872390e+02, 0.,
       0., 2.5153451642923393e+01, 0. ]
